0 0 0 -9.5
0 0 1 -9.0
0 0 2 -8.5
0 0 3 -8.0
0 0 4 -7.5
0 0 5 -7.0
0 0 6 -6.5
0 0 7 -6.0
0 0 8 -5.5
0 0 9 -5.0
0 0 10 -4.5
0 0 11 -4.0
0 0 12 -3.5
0 0 13 -3.0
0 0 14 -2.5
0 0 15 -2.0
0 0 16 -1.5
0 0 17 -1.0
0 0 18 -0.5
0 0 19 0.0
0 1 0 -9.66666666667
0 1 1 -9.16666666667
0 1 2 -8.66666666667
0 1 3 -8.16666666667
0 1 4 -7.66666666667
0 1 5 -7.16666666667
0 1 6 -6.66666666667
0 1 7 -6.16666666667
0 1 8 -5.66666666667
0 1 9 -5.16666666667
0 1 10 -4.66666666667
0 1 11 -4.16666666667
0 1 12 -3.66666666667
0 1 13 -3.16666666667
0 1 14 -2.66666666667
0 1 15 -2.16666666667
0 1 16 -1.66666666667
0 1 17 -1.16666666667
0 1 18 -0.666666666667
0 1 19 -0.166666666667
0 2 0 -9.83333333333
0 2 1 -9.33333333333
0 2 2 -8.83333333333
0 2 3 -8.33333333333
0 2 4 -7.83333333333
0 2 5 -7.33333333333
0 2 6 -6.83333333333
0 2 7 -6.33333333333
0 2 8 -5.83333333333
0 2 9 -5.33333333333
0 2 10 -4.83333333333
0 2 11 -4.33333333333
0 2 12 -3.83333333333
0 2 13 -3.33333333333
0 2 14 -2.83333333333
0 2 15 -2.33333333333
0 2 16 -1.83333333333
0 2 17 -1.33333333333
0 2 18 -0.833333333333
0 2 19 -0.333333333333
0 3 0 -10.0
0 3 1 -9.5
0 3 2 -9.0
0 3 3 -8.5
0 3 4 -8.0
0 3 5 -7.5
0 3 6 -7.0
0 3 7 -6.5
0 3 8 -6.0
0 3 9 -5.5
0 3 10 -5.0
0 3 11 -4.5
0 3 12 -4.0
0 3 13 -3.5
0 3 14 -3.0
0 3 15 -2.5
0 3 16 -2.0
0 3 17 -1.5
0 3 18 -1.0
0 3 19 -0.5
0 4 0 -10.1666666667
0 4 1 -9.66666666667
0 4 2 -9.16666666667
0 4 3 -8.66666666667
0 4 4 -8.16666666667
0 4 5 -7.66666666667
0 4 6 -7.16666666667
0 4 7 -6.66666666667
0 4 8 -6.16666666667
0 4 9 -5.66666666667
0 4 10 -5.16666666667
0 4 11 -4.66666666667
0 4 12 -4.16666666667
0 4 13 -3.66666666667
0 4 14 -3.16666666667
0 4 15 -2.66666666667
0 4 16 -2.16666666667
0 4 17 -1.66666666667
0 4 18 -1.16666666667
0 4 19 -0.666666666667
0 5 0 -10.3333333333
0 5 1 -9.83333333333
0 5 2 -9.33333333333
0 5 3 -8.83333333333
0 5 4 -8.33333333333
0 5 5 -7.83333333333
0 5 6 -7.33333333333
0 5 7 -6.83333333333
0 5 8 -6.33333333333
0 5 9 -5.83333333333
0 5 10 -5.33333333333
0 5 11 -4.83333333333
0 5 12 -4.33333333333
0 5 13 -3.83333333333
0 5 14 -3.33333333333
0 5 15 -2.83333333333
0 5 16 -2.33333333333
0 5 17 -1.83333333333
0 5 18 -1.33333333333
0 5 19 -0.833333333333
0 6 0 -10.5
0 6 1 -10.0
0 6 2 -9.5
0 6 3 -9.0
0 6 4 -8.5
0 6 5 -8.0
0 6 6 -7.5
0 6 7 -7.0
0 6 8 -6.5
0 6 9 -6.0
0 6 10 -5.5
0 6 11 -5.0
0 6 12 -4.5
0 6 13 -4.0
0 6 14 -3.5
0 6 15 -3.0
0 6 16 -2.5
0 6 17 -2.0
0 6 18 -1.5
0 6 19 -1.0
0 7 0 -10.6666666667
0 7 1 -10.1666666667
0 7 2 -9.66666666667
0 7 3 -9.16666666667
0 7 4 -8.66666666667
0 7 5 -8.16666666667
0 7 6 -7.66666666667
0 7 7 -7.16666666667
0 7 8 -6.66666666667
0 7 9 -6.16666666667
0 7 10 -5.66666666667
0 7 11 -5.16666666667
0 7 12 -4.66666666667
0 7 13 -4.16666666667
0 7 14 -3.66666666667
0 7 15 -3.16666666667
0 7 16 -2.66666666667
0 7 17 -2.16666666667
0 7 18 -1.66666666667
0 7 19 -1.16666666667
0 8 0 -10.8333333333
0 8 1 -10.3333333333
0 8 2 -9.83333333333
0 8 3 -9.33333333333
0 8 4 -8.83333333333
0 8 5 -8.33333333333
0 8 6 -7.83333333333
0 8 7 -7.33333333333
0 8 8 -6.83333333333
0 8 9 -6.33333333333
0 8 10 -5.83333333333
0 8 11 -5.33333333333
0 8 12 -4.83333333333
0 8 13 -4.33333333333
0 8 14 -3.83333333333
0 8 15 -3.33333333333
0 8 16 -2.83333333333
0 8 17 -2.33333333333
0 8 18 -1.83333333333
0 8 19 -1.33333333333
0 9 0 -11.0
0 9 1 -10.5
0 9 2 -10.0
0 9 3 -9.5
0 9 4 -9.0
0 9 5 -8.5
0 9 6 -8.0
0 9 7 -7.5
0 9 8 -7.0
0 9 9 -6.5
0 9 10 -6.0
0 9 11 -5.5
0 9 12 -5.0
0 9 13 -4.5
0 9 14 -4.0
0 9 15 -3.5
0 9 16 -3.0
0 9 17 -2.5
0 9 18 -2.0
0 9 19 -1.5
0 10 0 -11.1666666667
0 10 1 -10.6666666667
0 10 2 -10.1666666667
0 10 3 -9.66666666667
0 10 4 -9.16666666667
0 10 5 -8.66666666667
0 10 6 -8.16666666667
0 10 7 -7.66666666667
0 10 8 -7.16666666667
0 10 9 -6.66666666667
0 10 10 -6.16666666667
0 10 11 -5.66666666667
0 10 12 -5.16666666667
0 10 13 -4.66666666667
0 10 14 -4.16666666667
0 10 15 -3.66666666667
0 10 16 -3.16666666667
0 10 17 -2.66666666667
0 10 18 -2.16666666667
0 10 19 -1.66666666667
0 11 0 -11.3333333333
0 11 1 -10.8333333333
0 11 2 -10.3333333333
0 11 3 -9.83333333333
0 11 4 -9.33333333333
0 11 5 -8.83333333333
0 11 6 -8.33333333333
0 11 7 -7.83333333333
0 11 8 -7.33333333333
0 11 9 -6.83333333333
0 11 10 -6.33333333333
0 11 11 -5.83333333333
0 11 12 -5.33333333333
0 11 13 -4.83333333333
0 11 14 -4.33333333333
0 11 15 -3.83333333333
0 11 16 -3.33333333333
0 11 17 -2.83333333333
0 11 18 -2.33333333333
0 11 19 -1.83333333333
0 12 0 -11.5
0 12 1 -11.0
0 12 2 -10.5
0 12 3 -10.0
0 12 4 -9.5
0 12 5 -9.0
0 12 6 -8.5
0 12 7 -8.0
0 12 8 -7.5
0 12 9 -7.0
0 12 10 -6.5
0 12 11 -6.0
0 12 12 -5.5
0 12 13 -5.0
0 12 14 -4.5
0 12 15 -4.0
0 12 16 -3.5
0 12 17 -3.0
0 12 18 -2.5
0 12 19 -2.0
0 13 0 -11.6666666667
0 13 1 -11.1666666667
0 13 2 -10.6666666667
0 13 3 -10.1666666667
0 13 4 -9.66666666667
0 13 5 -9.16666666667
0 13 6 -8.66666666667
0 13 7 -8.16666666667
0 13 8 -7.66666666667
0 13 9 -7.16666666667
0 13 10 -6.66666666667
0 13 11 -6.16666666667
0 13 12 -5.66666666667
0 13 13 -5.16666666667
0 13 14 -4.66666666667
0 13 15 -4.16666666667
0 13 16 -3.66666666667
0 13 17 -3.16666666667
0 13 18 -2.66666666667
0 13 19 -2.16666666667
0 14 0 -11.8333333333
0 14 1 -11.3333333333
0 14 2 -10.8333333333
0 14 3 -10.3333333333
0 14 4 -9.83333333333
0 14 5 -9.33333333333
0 14 6 -8.83333333333
0 14 7 -8.33333333333
0 14 8 -7.83333333333
0 14 9 -7.33333333333
0 14 10 -6.83333333333
0 14 11 -6.33333333333
0 14 12 -5.83333333333
0 14 13 -5.33333333333
0 14 14 -4.83333333333
0 14 15 -4.33333333333
0 14 16 -3.83333333333
0 14 17 -3.33333333333
0 14 18 -2.83333333333
0 14 19 -2.33333333333
0 15 0 -12.0
0 15 1 -11.5
0 15 2 -11.0
0 15 3 -10.5
0 15 4 -10.0
0 15 5 -9.5
0 15 6 -9.0
0 15 7 -8.5
0 15 8 -8.0
0 15 9 -7.5
0 15 10 -7.0
0 15 11 -6.5
0 15 12 -6.0
0 15 13 -5.5
0 15 14 -5.0
0 15 15 -4.5
0 15 16 -4.0
0 15 17 -3.5
0 15 18 -3.0
0 15 19 -2.5
0 16 0 -12.1666666667
0 16 1 -11.6666666667
0 16 2 -11.1666666667
0 16 3 -10.6666666667
0 16 4 -10.1666666667
0 16 5 -9.66666666667
0 16 6 -9.16666666667
0 16 7 -8.66666666667
0 16 8 -8.16666666667
0 16 9 -7.66666666667
0 16 10 -7.16666666667
0 16 11 -6.66666666667
0 16 12 -6.16666666667
0 16 13 -5.66666666667
0 16 14 -5.16666666667
0 16 15 -4.66666666667
0 16 16 -4.16666666667
0 16 17 -3.66666666667
0 16 18 -3.16666666667
0 16 19 -2.66666666667
0 17 0 -12.3333333333
0 17 1 -11.8333333333
0 17 2 -11.3333333333
0 17 3 -10.8333333333
0 17 4 -10.3333333333
0 17 5 -9.83333333333
0 17 6 -9.33333333333
0 17 7 -8.83333333333
0 17 8 -8.33333333333
0 17 9 -7.83333333333
0 17 10 -7.33333333333
0 17 11 -6.83333333333
0 17 12 -6.33333333333
0 17 13 -5.83333333333
0 17 14 -5.33333333333
0 17 15 -4.83333333333
0 17 16 -4.33333333333
0 17 17 -3.83333333333
0 17 18 -3.33333333333
0 17 19 -2.83333333333
0 18 0 -12.5
0 18 1 -12.0
0 18 2 -11.5
0 18 3 -11.0
0 18 4 -10.5
0 18 5 -10.0
0 18 6 -9.5
0 18 7 -9.0
0 18 8 -8.5
0 18 9 -8.0
0 18 10 -7.5
0 18 11 -7.0
0 18 12 -6.5
0 18 13 -6.0
0 18 14 -5.5
0 18 15 -5.0
0 18 16 -4.5
0 18 17 -4.0
0 18 18 -3.5
0 18 19 -3.0
0 19 0 -12.6666666667
0 19 1 -12.1666666667
0 19 2 -11.6666666667
0 19 3 -11.1666666667
0 19 4 -10.6666666667
0 19 5 -10.1666666667
0 19 6 -9.66666666667
0 19 7 -9.16666666667
0 19 8 -8.66666666667
0 19 9 -8.16666666667
0 19 10 -7.66666666667
0 19 11 -7.16666666667
0 19 12 -6.66666666667
0 19 13 -6.16666666667
0 19 14 -5.66666666667
0 19 15 -5.16666666667
0 19 16 -4.66666666667
0 19 17 -4.16666666667
0 19 18 -3.66666666667
0 19 19 -3.16666666667
1 0 0 -9.5
1 0 1 -9.0
1 0 2 -8.5
1 0 3 -8.0
1 0 4 -7.5
1 0 5 -7.0
1 0 6 -6.5
1 0 7 -6.0
1 0 8 -5.5
1 0 9 -5.0
1 0 10 -4.5
1 0 11 -4.0
1 0 12 -3.5
1 0 13 -3.0
1 0 14 -2.5
1 0 15 -2.0
1 0 16 -1.5
1 0 17 -1.0
1 0 18 -0.5
1 0 19 0.0
1 1 0 -9.66666666667
1 1 1 -9.16666666667
1 1 2 -8.66666666667
1 1 3 -8.16666666667
1 1 4 -7.66666666667
1 1 5 -7.16666666667
1 1 6 -6.66666666667
1 1 7 -6.16666666667
1 1 8 -5.66666666667
1 1 9 -5.16666666667
1 1 10 -4.66666666667
1 1 11 -4.16666666667
1 1 12 -3.66666666667
1 1 13 -3.16666666667
1 1 14 -2.66666666667
1 1 15 -2.16666666667
1 1 16 -1.66666666667
1 1 17 -1.16666666667
1 1 18 -0.666666666667
1 1 19 -0.166666666667
1 2 0 -9.83333333333
1 2 1 -9.33333333333
1 2 2 -8.83333333333
1 2 3 -8.33333333333
1 2 4 -7.83333333333
1 2 5 -7.33333333333
1 2 6 -6.83333333333
1 2 7 -6.33333333333
1 2 8 -5.83333333333
1 2 9 -5.33333333333
1 2 10 -4.83333333333
1 2 11 -4.33333333333
1 2 12 -3.83333333333
1 2 13 -3.33333333333
1 2 14 -2.83333333333
1 2 15 -2.33333333333
1 2 16 -1.83333333333
1 2 17 -1.33333333333
1 2 18 -0.833333333333
1 2 19 -0.333333333333
1 3 0 -10.0
1 3 1 -9.5
1 3 2 -9.0
1 3 3 -8.5
1 3 4 -8.0
1 3 5 -7.5
1 3 6 -7.0
1 3 7 -6.5
1 3 8 -6.0
1 3 9 -5.5
1 3 10 -5.0
1 3 11 -4.5
1 3 12 -4.0
1 3 13 -3.5
1 3 14 -3.0
1 3 15 -2.5
1 3 16 -2.0
1 3 17 -1.5
1 3 18 -1.0
1 3 19 -0.5
1 4 0 -10.1666666667
1 4 1 -9.66666666667
1 4 2 -9.16666666667
1 4 3 -8.66666666667
1 4 4 -8.16666666667
1 4 5 -7.66666666667
1 4 6 -7.16666666667
1 4 7 -6.66666666667
1 4 8 -6.16666666667
1 4 9 -5.66666666667
1 4 10 -5.16666666667
1 4 11 -4.66666666667
1 4 12 -4.16666666667
1 4 13 -3.66666666667
1 4 14 -3.16666666667
1 4 15 -2.66666666667
1 4 16 -2.16666666667
1 4 17 -1.66666666667
1 4 18 -1.16666666667
1 4 19 -0.666666666667
1 5 0 -10.3333333333
1 5 1 -9.83333333333
1 5 2 -9.33333333333
1 5 3 -8.83333333333
1 5 4 -8.33333333333
1 5 5 -7.83333333333
1 5 6 -7.33333333333
1 5 7 -6.83333333333
1 5 8 -6.33333333333
1 5 9 -5.83333333333
1 5 10 -5.33333333333
1 5 11 -4.83333333333
1 5 12 -4.33333333333
1 5 13 -3.83333333333
1 5 14 -3.33333333333
1 5 15 -2.83333333333
1 5 16 -2.33333333333
1 5 17 -1.83333333333
1 5 18 -1.33333333333
1 5 19 -0.833333333333
1 6 0 -10.5
1 6 1 -10.0
1 6 2 -9.5
1 6 3 -9.0
1 6 4 -8.5
1 6 5 -8.0
1 6 6 -7.5
1 6 7 -7.0
1 6 8 -6.5
1 6 9 -6.0
1 6 10 -5.5
1 6 11 -5.0
1 6 12 -4.5
1 6 13 -4.0
1 6 14 -3.5
1 6 15 -3.0
1 6 16 -2.5
1 6 17 -2.0
1 6 18 -1.5
1 6 19 -1.0
1 7 0 -10.6666666667
1 7 1 -10.1666666667
1 7 2 -9.66666666667
1 7 3 -9.16666666667
1 7 4 -8.66666666667
1 7 5 -8.16666666667
1 7 6 -7.66666666667
1 7 7 -7.16666666667
1 7 8 -6.66666666667
1 7 9 -6.16666666667
1 7 10 -5.66666666667
1 7 11 -5.16666666667
1 7 12 -4.66666666667
1 7 13 -4.16666666667
1 7 14 -3.66666666667
1 7 15 -3.16666666667
1 7 16 -2.66666666667
1 7 17 -2.16666666667
1 7 18 -1.66666666667
1 7 19 -1.16666666667
1 8 0 -10.8333333333
1 8 1 -10.3333333333
1 8 2 -9.83333333333
1 8 3 -9.33333333333
1 8 4 -8.83333333333
1 8 5 -8.33333333333
1 8 6 -7.83333333333
1 8 7 -7.33333333333
1 8 8 -6.83333333333
1 8 9 -6.33333333333
1 8 10 -5.83333333333
1 8 11 -5.33333333333
1 8 12 -4.83333333333
1 8 13 -4.33333333333
1 8 14 -3.83333333333
1 8 15 -3.33333333333
1 8 16 -2.83333333333
1 8 17 -2.33333333333
1 8 18 -1.83333333333
1 8 19 -1.33333333333
1 9 0 -11.0
1 9 1 -10.5
1 9 2 -10.0
1 9 3 -9.5
1 9 4 -9.0
1 9 5 -8.5
1 9 6 -8.0
1 9 7 -7.5
1 9 8 -7.0
1 9 9 -6.5
1 9 10 -6.0
1 9 11 -5.5
1 9 12 -5.0
1 9 13 -4.5
1 9 14 -4.0
1 9 15 -3.5
1 9 16 -3.0
1 9 17 -2.5
1 9 18 -2.0
1 9 19 -1.5
1 10 0 -11.1666666667
1 10 1 -10.6666666667
1 10 2 -10.1666666667
1 10 3 -9.66666666667
1 10 4 -9.16666666667
1 10 5 -8.66666666667
1 10 6 -8.16666666667
1 10 7 -7.66666666667
1 10 8 -7.16666666667
1 10 9 -6.66666666667
1 10 10 -6.16666666667
1 10 11 -5.66666666667
1 10 12 -5.16666666667
1 10 13 -4.66666666667
1 10 14 -4.16666666667
1 10 15 -3.66666666667
1 10 16 -3.16666666667
1 10 17 -2.66666666667
1 10 18 -2.16666666667
1 10 19 -1.66666666667
1 11 0 -11.3333333333
1 11 1 -10.8333333333
1 11 2 -10.3333333333
1 11 3 -9.83333333333
1 11 4 -9.33333333333
1 11 5 -8.83333333333
1 11 6 -8.33333333333
1 11 7 -7.83333333333
1 11 8 -7.33333333333
1 11 9 -6.83333333333
1 11 10 -6.33333333333
1 11 11 -5.83333333333
1 11 12 -5.33333333333
1 11 13 -4.83333333333
1 11 14 -4.33333333333
1 11 15 -3.83333333333
1 11 16 -3.33333333333
1 11 17 -2.83333333333
1 11 18 -2.33333333333
1 11 19 -1.83333333333
1 12 0 -11.5
1 12 1 -11.0
1 12 2 -10.5
1 12 3 -10.0
1 12 4 -9.5
1 12 5 -9.0
1 12 6 -8.5
1 12 7 -8.0
1 12 8 -7.5
1 12 9 -7.0
1 12 10 -6.5
1 12 11 -6.0
1 12 12 -5.5
1 12 13 -5.0
1 12 14 -4.5
1 12 15 -4.0
1 12 16 -3.5
1 12 17 -3.0
1 12 18 -2.5
1 12 19 -2.0
1 13 0 -11.6666666667
1 13 1 -11.1666666667
1 13 2 -10.6666666667
1 13 3 -10.1666666667
1 13 4 -9.66666666667
1 13 5 -9.16666666667
1 13 6 -8.66666666667
1 13 7 -8.16666666667
1 13 8 -7.66666666667
1 13 9 -7.16666666667
1 13 10 -6.66666666667
1 13 11 -6.16666666667
1 13 12 -5.66666666667
1 13 13 -5.16666666667
1 13 14 -4.66666666667
1 13 15 -4.16666666667
1 13 16 -3.66666666667
1 13 17 -3.16666666667
1 13 18 -2.66666666667
1 13 19 -2.16666666667
1 14 0 -11.8333333333
1 14 1 -11.3333333333
1 14 2 -10.8333333333
1 14 3 -10.3333333333
1 14 4 -9.83333333333
1 14 5 -9.33333333333
1 14 6 -8.83333333333
1 14 7 -8.33333333333
1 14 8 -7.83333333333
1 14 9 -7.33333333333
1 14 10 -6.83333333333
1 14 11 -6.33333333333
1 14 12 -5.83333333333
1 14 13 -5.33333333333
1 14 14 -4.83333333333
1 14 15 -4.33333333333
1 14 16 -3.83333333333
1 14 17 -3.33333333333
1 14 18 -2.83333333333
1 14 19 -2.33333333333
1 15 0 -12.0
1 15 1 -11.5
1 15 2 -11.0
1 15 3 -10.5
1 15 4 -10.0
1 15 5 -9.5
1 15 6 -9.0
1 15 7 -8.5
1 15 8 -8.0
1 15 9 -7.5
1 15 10 -7.0
1 15 11 -6.5
1 15 12 -6.0
1 15 13 -5.5
1 15 14 -5.0
1 15 15 -4.5
1 15 16 -4.0
1 15 17 -3.5
1 15 18 -3.0
1 15 19 -2.5
1 16 0 -12.1666666667
1 16 1 -11.6666666667
1 16 2 -11.1666666667
1 16 3 -10.6666666667
1 16 4 -10.1666666667
1 16 5 -9.66666666667
1 16 6 -9.16666666667
1 16 7 -8.66666666667
1 16 8 -8.16666666667
1 16 9 -7.66666666667
1 16 10 -7.16666666667
1 16 11 -6.66666666667
1 16 12 -6.16666666667
1 16 13 -5.66666666667
1 16 14 -5.16666666667
1 16 15 -4.66666666667
1 16 16 -4.16666666667
1 16 17 -3.66666666667
1 16 18 -3.16666666667
1 16 19 -2.66666666667
1 17 0 -12.3333333333
1 17 1 -11.8333333333
1 17 2 -11.3333333333
1 17 3 -10.8333333333
1 17 4 -10.3333333333
1 17 5 -9.83333333333
1 17 6 -9.33333333333
1 17 7 -8.83333333333
1 17 8 -8.33333333333
1 17 9 -7.83333333333
1 17 10 -7.33333333333
1 17 11 -6.83333333333
1 17 12 -6.33333333333
1 17 13 -5.83333333333
1 17 14 -5.33333333333
1 17 15 -4.83333333333
1 17 16 -4.33333333333
1 17 17 -3.83333333333
1 17 18 -3.33333333333
1 17 19 -2.83333333333
1 18 0 -12.5
1 18 1 -12.0
1 18 2 -11.5
1 18 3 -11.0
1 18 4 -10.5
1 18 5 -10.0
1 18 6 -9.5
1 18 7 -9.0
1 18 8 -8.5
1 18 9 -8.0
1 18 10 -7.5
1 18 11 -7.0
1 18 12 -6.5
1 18 13 -6.0
1 18 14 -5.5
1 18 15 -5.0
1 18 16 -4.5
1 18 17 -4.0
1 18 18 -3.5
1 18 19 -3.0
1 19 0 -12.6666666667
1 19 1 -12.1666666667
1 19 2 -11.6666666667
1 19 3 -11.1666666667
1 19 4 -10.6666666667
1 19 5 -10.1666666667
1 19 6 -9.66666666667
1 19 7 -9.16666666667
1 19 8 -8.66666666667
1 19 9 -8.16666666667
1 19 10 -7.66666666667
1 19 11 -7.16666666667
1 19 12 -6.66666666667
1 19 13 -6.16666666667
1 19 14 -5.66666666667
1 19 15 -5.16666666667
1 19 16 -4.66666666667
1 19 17 -4.16666666667
1 19 18 -3.66666666667
1 19 19 -3.16666666667
