2	9	8.4	2
2	9	9.95	2
1	0	23.25	2
1	18	29.9	2
1	27	24.9	2
2	9	30	2
2	27	30	2
2	0	21.8	2
1	27	26.2	2
1	3	30	2
1	3	30	2
1	27	30	2
2	5	30	2
1	18	18.35	2
2	9	10.85	2
2	18	8.05	2
2	18	6.8	2
2	9	4.55	2
1	18	11.6	2
1	5	27.9	2
1	27	30	2
2	27	30	2
1	18	30	2
1	18	30	2
1	3	30	2
2	9	30	2
1	9	30	2
2	9	30	2
1	9	30	2
2	0	30	2
2	9	30	2
1	27	30	2
2	27	30	2
1	18	30	2
2	18	30	2
2	9	20.05	2
2	18	6.3	2
1	3	4.95	2
1	9	30	2
1	9	30	2
1	3	30	2
2	0	30	2
2	0	30	2
1	3	30	2
2	0	30	2
2	18	3.9	2
1	3	30	2
1	3	30	2
2	18	22.55	2
1	18	17.05	2
1	27	15.7	2
1	27	30	2
2	18	30	2
1	0	30	2
2	27	30	2
1	9	29.55	2
2	27	6.2	2
2	27	3.35	2
1	0	20.95	2
2	4	7.3	2
1	9	11.45	2
2	9	30	2
2	18	30	2
2	18	30	2
2	0	30	2
1	9	30	2
2	27	30	2
2	18	30	2
1	27	30	2
1	27	30	2
2	18	1	0
1	9	30	2
2	27	16.75	2
1	9	2.8	0
1	9	30	2
1	3	30	0
1	9	30	2
1	0	30	2
2	0	30	0
1	27	0	2
1	27	4.55	2
2	18	0	2
1	27	6.5	2
2	27	5.3	2
2	18	3.9	2
1	0	5.35	2
2	9	9.45	2
1	9	11.25	2
2	27	10.4	2
2	0	9.1	2
1	0	11.45	2
1	9	24.45	2
1	27	27.1	2
1	3	30	2
2	18	25.5	2
1	9	11.9	2
1	0	13.45	2
2	18	21.2	2
2	18	5.85	2
1	27	28.45	2
1	27	30	2
1	18	30	2
2	27	30	2
1	18	30	2
2	18	30	2
2	18	30	2
1	9	30	2
1	3	30	2
2	18	30	2
2	9	30	2
1	9	30	2
1	9	30	2
2	18	30	2
2	9	30	2
1	9	30	2
2	18	30	2
2	18	30	2
2	27	9	2
1	5	28	2
2	27	30	2
2	27	30	2
2	0	28.6	2
1	18	30	2
1	27	30	2
2	9	0.25	2
2	18	11.15	2
1	9	30	2
2	9	29.95	2
1	27	27.75	2
1	3	30	2
2	27	25.75	2
1	27	30	2
2	18	30	2
1	27	30	2
2	18	30	2
2	9	30	2
2	9	30	0