0 0 0 0
0 0 1 0
0 0 2 -21.6622
0 0 3 -2.22947e+34
0 0 4 0
0 0 5 -6.01729
0 0 6 0
0 0 7 -2.2494e+34
0 0 8 -2.304e+34
0 0 9 0
0 0 10 0
0 0 11 0
0 0 12 -3.48768e+36
0 0 13 -2.90028e+34
0 0 14 0
0 0 15 -1.83104e+34
0 0 16 0
0 0 17 0
0 0 18 0
0 0 19 -1.79105e+34
0 1 0 0
0 1 1 0
0 1 2 0
0 1 3 0
0 1 4 0
0 1 5 0
0 1 6 0
0 1 7 0
0 1 8 0
0 1 9 0
0 1 10 0
0 1 11 0
0 1 12 0
0 1 13 0
0 1 14 0
0 1 15 0
0 1 16 0
0 1 17 0
0 1 18 0
0 1 19 0
0 2 0 0
0 2 1 0
0 2 2 0
0 2 3 0
0 2 4 0
0 2 5 0
0 2 6 0
0 2 7 0
0 2 8 0
0 2 9 0
0 2 10 0
0 2 11 0
0 2 12 0
0 2 13 0
0 2 14 0
0 2 15 0
0 2 16 0
0 2 17 0
0 2 18 0
0 2 19 0
0 3 0 0
0 3 1 0
0 3 2 -1.74951e+34
0 3 3 0
0 3 4 0
0 3 5 0
0 3 6 0
0 3 7 0
0 3 8 0
0 3 9 0
0 3 10 0
0 3 11 0
0 3 12 -2.3009e+35
0 3 13 0
0 3 14 0
0 3 15 0
0 3 16 0
0 3 17 0
0 3 18 0
0 3 19 -1.5913e+34
0 4 0 0
0 4 1 0
0 4 2 0
0 4 3 0
0 4 4 0
0 4 5 0
0 4 6 0
0 4 7 0
0 4 8 0
0 4 9 0
0 4 10 0
0 4 11 0
0 4 12 0
0 4 13 0
0 4 14 0
0 4 15 0
0 4 16 0
0 4 17 0
0 4 18 0
0 4 19 0
0 5 0 0
0 5 1 0
0 5 2 0
0 5 3 0
0 5 4 0
0 5 5 0
0 5 6 0
0 5 7 0
0 5 8 0
0 5 9 0
0 5 10 0
0 5 11 0
0 5 12 -0.813197
0 5 13 0
0 5 14 0
0 5 15 0
0 5 16 0
0 5 17 0
0 5 18 -1.55659e+34
0 5 19 0
0 6 0 0
0 6 1 0
0 6 2 0
0 6 3 0
0 6 4 0
0 6 5 0
0 6 6 0
0 6 7 0
0 6 8 0
0 6 9 0
0 6 10 0
0 6 11 0
0 6 12 0
0 6 13 0
0 6 14 0
0 6 15 0
0 6 16 0
0 6 17 0
0 6 18 0
0 6 19 0
0 7 0 0
0 7 1 0
0 7 2 0
0 7 3 0
0 7 4 0
0 7 5 0
0 7 6 0
0 7 7 0
0 7 8 0
0 7 9 0
0 7 10 0
0 7 11 0
0 7 12 0
0 7 13 0
0 7 14 0
0 7 15 0
0 7 16 0
0 7 17 0
0 7 18 0
0 7 19 0
0 8 0 0
0 8 1 0
0 8 2 0
0 8 3 0
0 8 4 0
0 8 5 0
0 8 6 0
0 8 7 0
0 8 8 0
0 8 9 0
0 8 10 0
0 8 11 0
0 8 12 0
0 8 13 0
0 8 14 0
0 8 15 0
0 8 16 0
0 8 17 0
0 8 18 0
0 8 19 0
0 9 0 -1.9376e+36
0 9 1 0
0 9 2 0
0 9 3 0
0 9 4 0
0 9 5 0
0 9 6 0
0 9 7 -2.17617e+34
0 9 8 0
0 9 9 0
0 9 10 -4.6303
0 9 11 0
0 9 12 -3.50122e+35
0 9 13 0
0 9 14 0
0 9 15 0
0 9 16 -1.92783e+34
0 9 17 0
0 9 18 0
0 9 19 -1.21823e+34
0 10 0 0
0 10 1 0
0 10 2 0
0 10 3 0
0 10 4 0
0 10 5 0
0 10 6 0
0 10 7 0
0 10 8 0
0 10 9 0
0 10 10 0
0 10 11 0
0 10 12 0
0 10 13 0
0 10 14 0
0 10 15 0
0 10 16 0
0 10 17 0
0 10 18 0
0 10 19 0
0 11 0 0
0 11 1 0
0 11 2 0
0 11 3 0
0 11 4 0
0 11 5 0
0 11 6 0
0 11 7 0
0 11 8 0
0 11 9 0
0 11 10 0
0 11 11 0
0 11 12 0
0 11 13 0
0 11 14 0
0 11 15 0
0 11 16 0
0 11 17 0
0 11 18 0
0 11 19 0
0 12 0 0
0 12 1 0
0 12 2 0
0 12 3 0
0 12 4 0
0 12 5 0
0 12 6 0
0 12 7 0
0 12 8 0
0 12 9 0
0 12 10 0
0 12 11 0
0 12 12 0
0 12 13 0
0 12 14 0
0 12 15 0
0 12 16 0
0 12 17 0
0 12 18 0
0 12 19 0
0 13 0 0
0 13 1 0
0 13 2 0
0 13 3 0
0 13 4 0
0 13 5 0
0 13 6 0
0 13 7 0
0 13 8 0
0 13 9 0
0 13 10 0
0 13 11 0
0 13 12 0
0 13 13 0
0 13 14 0
0 13 15 0
0 13 16 0
0 13 17 0
0 13 18 0
0 13 19 0
0 14 0 0
0 14 1 0
0 14 2 0
0 14 3 0
0 14 4 0
0 14 5 0
0 14 6 0
0 14 7 0
0 14 8 0
0 14 9 0
0 14 10 0
0 14 11 0
0 14 12 0
0 14 13 0
0 14 14 0
0 14 15 0
0 14 16 0
0 14 17 0
0 14 18 0
0 14 19 0
0 15 0 0
0 15 1 0
0 15 2 0
0 15 3 0
0 15 4 0
0 15 5 0
0 15 6 0
0 15 7 0
0 15 8 0
0 15 9 0
0 15 10 0
0 15 11 0
0 15 12 0
0 15 13 0
0 15 14 0
0 15 15 0
0 15 16 0
0 15 17 0
0 15 18 0
0 15 19 0
0 16 0 0
0 16 1 0
0 16 2 0
0 16 3 0
0 16 4 0
0 16 5 0
0 16 6 0
0 16 7 0
0 16 8 0
0 16 9 0
0 16 10 0
0 16 11 0
0 16 12 0
0 16 13 0
0 16 14 0
0 16 15 0
0 16 16 0
0 16 17 0
0 16 18 0
0 16 19 0
0 17 0 0
0 17 1 0
0 17 2 0
0 17 3 0
0 17 4 0
0 17 5 0
0 17 6 0
0 17 7 0
0 17 8 0
0 17 9 0
0 17 10 0
0 17 11 0
0 17 12 0
0 17 13 0
0 17 14 0
0 17 15 0
0 17 16 0
0 17 17 0
0 17 18 0
0 17 19 0
0 18 0 0
0 18 1 0
0 18 2 0
0 18 3 0
0 18 4 0
0 18 5 0
0 18 6 0
0 18 7 -1.8173e+34
0 18 8 0
0 18 9 0
0 18 10 0
0 18 11 -2.16116e+34
0 18 12 -2.09871e+34
0 18 13 0
0 18 14 0
0 18 15 0
0 18 16 0
0 18 17 0
0 18 18 0
0 18 19 -1.55821e+34
0 19 0 0
0 19 1 0
0 19 2 0
0 19 3 0
0 19 4 0
0 19 5 0
0 19 6 0
0 19 7 0
0 19 8 0
0 19 9 0
0 19 10 0
0 19 11 0
0 19 12 0
0 19 13 0
0 19 14 0
0 19 15 0
0 19 16 0
0 19 17 0
0 19 18 0
0 19 19 0
0 20 0 0
0 20 1 0
0 20 2 0
0 20 3 0
0 20 4 0
0 20 5 0
0 20 6 0
0 20 7 0
0 20 8 0
0 20 9 0
0 20 10 0
0 20 11 0
0 20 12 0
0 20 13 0
0 20 14 0
0 20 15 0
0 20 16 0
0 20 17 0
0 20 18 0
0 20 19 0
0 21 0 0
0 21 1 0
0 21 2 0
0 21 3 0
0 21 4 0
0 21 5 0
0 21 6 0
0 21 7 0
0 21 8 0
0 21 9 0
0 21 10 0
0 21 11 0
0 21 12 0
0 21 13 0
0 21 14 0
0 21 15 0
0 21 16 0
0 21 17 0
0 21 18 0
0 21 19 0
0 22 0 0
0 22 1 0
0 22 2 0
0 22 3 0
0 22 4 0
0 22 5 0
0 22 6 0
0 22 7 0
0 22 8 0
0 22 9 0
0 22 10 0
0 22 11 0
0 22 12 0
0 22 13 0
0 22 14 0
0 22 15 0
0 22 16 0
0 22 17 0
0 22 18 0
0 22 19 0
0 23 0 0
0 23 1 0
0 23 2 0
0 23 3 0
0 23 4 0
0 23 5 0
0 23 6 0
0 23 7 0
0 23 8 0
0 23 9 0
0 23 10 0
0 23 11 0
0 23 12 0
0 23 13 0
0 23 14 0
0 23 15 0
0 23 16 0
0 23 17 0
0 23 18 0
0 23 19 0
0 24 0 0
0 24 1 0
0 24 2 0
0 24 3 0
0 24 4 0
0 24 5 0
0 24 6 0
0 24 7 0
0 24 8 0
0 24 9 0
0 24 10 0
0 24 11 0
0 24 12 0
0 24 13 0
0 24 14 0
0 24 15 0
0 24 16 0
0 24 17 0
0 24 18 0
0 24 19 0
0 25 0 0
0 25 1 0
0 25 2 0
0 25 3 0
0 25 4 0
0 25 5 0
0 25 6 0
0 25 7 0
0 25 8 0
0 25 9 0
0 25 10 0
0 25 11 0
0 25 12 0
0 25 13 0
0 25 14 0
0 25 15 0
0 25 16 0
0 25 17 0
0 25 18 0
0 25 19 0
0 26 0 0
0 26 1 0
0 26 2 0
0 26 3 0
0 26 4 0
0 26 5 0
0 26 6 0
0 26 7 0
0 26 8 0
0 26 9 0
0 26 10 0
0 26 11 0
0 26 12 0
0 26 13 0
0 26 14 0
0 26 15 0
0 26 16 0
0 26 17 0
0 26 18 0
0 26 19 0
0 27 0 -3.94005e+34
0 27 1 -1.74384e+36
0 27 2 -2.56032e+34
0 27 3 0
0 27 4 -2.22039e+34
0 27 5 0
0 27 6 0
0 27 7 0
0 27 8 0
0 27 9 0
0 27 10 -1.84514e+34
0 27 11 0
0 27 12 -1.61408e+35
0 27 13 0
0 27 14 0
0 27 15 0
0 27 16 -1.69813e+34
0 27 17 -1.98047e+34
0 27 18 -1.45317e+34
0 27 19 -1.55732e+34
0 28 0 0
0 28 1 0
0 28 2 0
0 28 3 0
0 28 4 0
0 28 5 0
0 28 6 0
0 28 7 0
0 28 8 0
0 28 9 0
0 28 10 0
0 28 11 0
0 28 12 0
0 28 13 0
0 28 14 0
0 28 15 0
0 28 16 0
0 28 17 0
0 28 18 0
0 28 19 0
0 29 0 0
0 29 1 0
0 29 2 0
0 29 3 0
0 29 4 0
0 29 5 0
0 29 6 0
0 29 7 0
0 29 8 0
0 29 9 0
0 29 10 0
0 29 11 0
0 29 12 0
0 29 13 0
0 29 14 0
0 29 15 0
0 29 16 0
0 29 17 0
0 29 18 0
0 29 19 0
1 0 0 0
1 0 1 0
1 0 2 0
1 0 3 0
1 0 4 0
1 0 5 0
1 0 6 -2.6113e+34
1 0 7 0
1 0 8 0
1 0 9 0
1 0 10 0
1 0 11 0
1 0 12 -3.8752e+36
1 0 13 0
1 0 14 -2.3101e+34
1 0 15 0
1 0 16 0
1 0 17 0
1 0 18 -1.52545e+34
1 0 19 -1.03181e+34
1 1 0 0
1 1 1 0
1 1 2 0
1 1 3 0
1 1 4 0
1 1 5 0
1 1 6 0
1 1 7 0
1 1 8 0
1 1 9 0
1 1 10 0
1 1 11 0
1 1 12 0
1 1 13 0
1 1 14 0
1 1 15 0
1 1 16 0
1 1 17 0
1 1 18 0
1 1 19 0
1 2 0 0
1 2 1 0
1 2 2 0
1 2 3 0
1 2 4 0
1 2 5 0
1 2 6 0
1 2 7 0
1 2 8 0
1 2 9 0
1 2 10 0
1 2 11 0
1 2 12 0
1 2 13 0
1 2 14 0
1 2 15 -1.70112e+38
1 2 16 0
1 2 17 0
1 2 18 0
1 2 19 0
1 3 0 0
1 3 1 0
1 3 2 0
1 3 3 0
1 3 4 0
1 3 5 0
1 3 6 0
1 3 7 0
1 3 8 0
1 3 9 0
1 3 10 0
1 3 11 0
1 3 12 0
1 3 13 0
1 3 14 0
1 3 15 0
1 3 16 0
1 3 17 0
1 3 18 0
1 3 19 0
1 4 0 0
1 4 1 0
1 4 2 0
1 4 3 0
1 4 4 -2.5212e+34
1 4 5 0
1 4 6 0
1 4 7 0
1 4 8 0
1 4 9 0
1 4 10 0
1 4 11 0
1 4 12 0
1 4 13 0
1 4 14 0
1 4 15 0
1 4 16 0
1 4 17 0
1 4 18 0
1 4 19 0
1 5 0 0
1 5 1 0
1 5 2 0
1 5 3 0
1 5 4 0
1 5 5 0
1 5 6 0
1 5 7 0
1 5 8 0
1 5 9 0
1 5 10 0
1 5 11 0
1 5 12 0
1 5 13 0
1 5 14 0
1 5 15 0
1 5 16 0
1 5 17 0
1 5 18 0
1 5 19 -2.45874e+34
1 6 0 0
1 6 1 0
1 6 2 0
1 6 3 0
1 6 4 0
1 6 5 0
1 6 6 0
1 6 7 0
1 6 8 0
1 6 9 0
1 6 10 0
1 6 11 0
1 6 12 0
1 6 13 0
1 6 14 0
1 6 15 0
1 6 16 0
1 6 17 0
1 6 18 0
1 6 19 0
1 7 0 0
1 7 1 0
1 7 2 0
1 7 3 0
1 7 4 0
1 7 5 0
1 7 6 0
1 7 7 0
1 7 8 0
1 7 9 0
1 7 10 0
1 7 11 0
1 7 12 0
1 7 13 0
1 7 14 0
1 7 15 0
1 7 16 0
1 7 17 0
1 7 18 0
1 7 19 0
1 8 0 0
1 8 1 0
1 8 2 0
1 8 3 0
1 8 4 0
1 8 5 0
1 8 6 0
1 8 7 0
1 8 8 0
1 8 9 0
1 8 10 0
1 8 11 0
1 8 12 0
1 8 13 0
1 8 14 0
1 8 15 0
1 8 16 0
1 8 17 0
1 8 18 0
1 8 19 0
1 9 0 -1.57599e+34
1 9 1 0
1 9 2 -2.12782e+34
1 9 3 0
1 9 4 -24.0691
1 9 5 -2.26071e+34
1 9 6 -1.94568e+34
1 9 7 0
1 9 8 -33.4294
1 9 9 0
1 9 10 0
1 9 11 0
1 9 12 -2.25158e+35
1 9 13 -2.25678e+34
1 9 14 0
1 9 15 0
1 9 16 0
1 9 17 0
1 9 18 0
1 9 19 -6.64451e+33
1 10 0 0
1 10 1 0
1 10 2 0
1 10 3 0
1 10 4 0
1 10 5 -2.0371e-30
1 10 6 -7.46727e-09
1 10 7 0
1 10 8 -1.40051e-34
1 10 9 -0.0260546
1 10 10 0
1 10 11 0
1 10 12 0
1 10 13 0
1 10 14 0
1 10 15 0
1 10 16 0
1 10 17 0
1 10 18 0
1 10 19 0
1 11 0 0
1 11 1 0
1 11 2 0
1 11 3 0
1 11 4 0
1 11 5 -1.80558e-33
1 11 6 0
1 11 7 0
1 11 8 -6.56798e-33
1 11 9 0
1 11 10 0
1 11 11 0
1 11 12 0
1 11 13 0
1 11 14 -32.2539
1 11 15 -4.81495e-34
1 11 16 -2.12504e-17
1 11 17 0
1 11 18 0
1 11 19 0
1 12 0 0
1 12 1 0
1 12 2 0
1 12 3 0
1 12 4 0
1 12 5 -1.70104e+38
1 12 6 0
1 12 7 -1.70105e+38
1 12 8 0
1 12 9 0
1 12 10 0
1 12 11 -1.70095e+38
1 12 12 0
1 12 13 0
1 12 14 0
1 12 15 0
1 12 16 0
1 12 17 0
1 12 18 0
1 12 19 0
1 13 0 0
1 13 1 0
1 13 2 0
1 13 3 -1.70095e+38
1 13 4 0
1 13 5 0
1 13 6 0
1 13 7 0
1 13 8 0
1 13 9 -1.70104e+38
1 13 10 0
1 13 11 -1.70104e+38
1 13 12 0
1 13 13 -1.70104e+38
1 13 14 0
1 13 15 0
1 13 16 0
1 13 17 -1.70104e+38
1 13 18 0
1 13 19 0
1 14 0 0
1 14 1 -1.70104e+38
1 14 2 0
1 14 3 -1.70104e+38
1 14 4 0
1 14 5 -1.70104e+38
1 14 6 0
1 14 7 -1.70091e+38
1 14 8 0
1 14 9 0
1 14 10 0
1 14 11 -1.41671e+22
1 14 12 0
1 14 13 0
1 14 14 0
1 14 15 -1.70095e+38
1 14 16 0
1 14 17 0
1 14 18 0
1 14 19 0
1 15 0 0
1 15 1 -2.2518e+15
1 15 2 0
1 15 3 -3.00406e+38
1 15 4 0
1 15 5 0
1 15 6 0
1 15 7 -1.70095e+38
1 15 8 0
1 15 9 0
1 15 10 0
1 15 11 0
1 15 12 0
1 15 13 -3.94065e+15
1 15 14 0
1 15 15 -3.00406e+38
1 15 16 0
1 15 17 0
1 15 18 0
1 15 19 -1.70095e+38
1 16 0 0
1 16 1 0
1 16 2 0
1 16 3 0
1 16 4 0
1 16 5 -6.7554e+15
1 16 6 0
1 16 7 0
1 16 8 0
1 16 9 -1.70105e+38
1 16 10 0
1 16 11 0
1 16 12 0
1 16 13 0
1 16 14 0
1 16 15 0
1 16 16 0
1 16 17 0
1 16 18 0
1 16 19 0
1 17 0 0
1 17 1 0
1 17 2 0
1 17 3 0
1 17 4 0
1 17 5 0
1 17 6 0
1 17 7 0
1 17 8 0
1 17 9 0
1 17 10 0
1 17 11 0
1 17 12 0
1 17 13 0
1 17 14 0
1 17 15 0
1 17 16 0
1 17 17 0
1 17 18 0
1 17 19 -1.70094e+38
1 18 0 -1.90598e+34
1 18 1 0
1 18 2 -2.03715e+34
1 18 3 -1.58398e+34
1 18 4 -1.974e+34
1 18 5 -2.26985e+34
1 18 6 0
1 18 7 -1.33664e+34
1 18 8 0
1 18 9 -10.0288
1 18 10 0
1 18 11 0
1 18 12 -1.81528e+35
1 18 13 -2.81868e-20
1 18 14 -2.00826e+34
1 18 15 0
1 18 16 -2.07692e+34
1 18 17 0
1 18 18 0
1 18 19 -1.44324e+34
1 19 0 0
1 19 1 0
1 19 2 0
1 19 3 0
1 19 4 0
1 19 5 -1.70096e+38
1 19 6 0
1 19 7 0
1 19 8 0
1 19 9 -1.70099e+38
1 19 10 0
1 19 11 0
1 19 12 0
1 19 13 0
1 19 14 0
1 19 15 -1.70099e+38
1 19 16 0
1 19 17 0
1 19 18 0
1 19 19 0
1 20 0 0
1 20 1 0
1 20 2 0
1 20 3 0
1 20 4 0
1 20 5 0
1 20 6 0
1 20 7 0
1 20 8 0
1 20 9 0
1 20 10 0
1 20 11 0
1 20 12 0
1 20 13 0
1 20 14 0
1 20 15 0
1 20 16 0
1 20 17 0
1 20 18 0
1 20 19 0
1 21 0 0
1 21 1 0
1 21 2 0
1 21 3 0
1 21 4 0
1 21 5 -1.70098e+38
1 21 6 0
1 21 7 0
1 21 8 0
1 21 9 -1.701e+38
1 21 10 0
1 21 11 0
1 21 12 0
1 21 13 0
1 21 14 0
1 21 15 -1.701e+38
1 21 16 0
1 21 17 0
1 21 18 0
1 21 19 0
1 22 0 0
1 22 1 0
1 22 2 0
1 22 3 0
1 22 4 0
1 22 5 0
1 22 6 0
1 22 7 0
1 22 8 0
1 22 9 0
1 22 10 0
1 22 11 0
1 22 12 0
1 22 13 0
1 22 14 0
1 22 15 -1.70099e+38
1 22 16 0
1 22 17 -1.70099e+38
1 22 18 0
1 22 19 0
1 23 0 0
1 23 1 -1.70102e+38
1 23 2 0
1 23 3 0
1 23 4 0
1 23 5 0
1 23 6 0
1 23 7 -1.70102e+38
1 23 8 0
1 23 9 0
1 23 10 0
1 23 11 0
1 23 12 0
1 23 13 0
1 23 14 0
1 23 15 0
1 23 16 0
1 23 17 0
1 23 18 0
1 23 19 0
1 24 0 0
1 24 1 0
1 24 2 0
1 24 3 0
1 24 4 0
1 24 5 0
1 24 6 0
1 24 7 0
1 24 8 0
1 24 9 -1.70104e+38
1 24 10 0
1 24 11 -1.70103e+38
1 24 12 0
1 24 13 0
1 24 14 0
1 24 15 0
1 24 16 0
1 24 17 0
1 24 18 0
1 24 19 0
1 25 0 0
1 25 1 0
1 25 2 0
1 25 3 0
1 25 4 0
1 25 5 0
1 25 6 0
1 25 7 0
1 25 8 0
1 25 9 0
1 25 10 0
1 25 11 0
1 25 12 0
1 25 13 0
1 25 14 0
1 25 15 0
1 25 16 0
1 25 17 0
1 25 18 0
1 25 19 0
1 26 0 0
1 26 1 0
1 26 2 0
1 26 3 0
1 26 4 0
1 26 5 0
1 26 6 0
1 26 7 0
1 26 8 0
1 26 9 -1.70102e+38
1 26 10 0
1 26 11 0
1 26 12 0
1 26 13 -1.70105e+38
1 26 14 0
1 26 15 0
1 26 16 0
1 26 17 0
1 26 18 0
1 26 19 -1.70105e+38
1 27 0 0
1 27 1 -4.25262e+37
1 27 2 -3.29793e+34
1 27 3 -1.87627e+34
1 27 4 -3.68275e+34
1 27 5 0
1 27 6 -2.07367e+34
1 27 7 0
1 27 8 0
1 27 9 0
1 27 10 -4.33935e+26
1 27 11 0
1 27 12 -3.48768e+36
1 27 13 0
1 27 14 0
1 27 15 0
1 27 16 -1.76841e+34
1 27 17 0
1 27 18 0
1 27 19 -1.44606e+34
1 28 0 0
1 28 1 -1.70103e+38
1 28 2 0
1 28 3 0
1 28 4 0
1 28 5 -1.70106e+38
1 28 6 0
1 28 7 0
1 28 8 0
1 28 9 0
1 28 10 0
1 28 11 -1.70106e+38
1 28 12 0
1 28 13 0
1 28 14 0
1 28 15 0
1 28 16 0
1 28 17 0
1 28 18 0
1 28 19 0
1 29 0 0
1 29 1 0
1 29 2 0
1 29 3 0
1 29 4 0
1 29 5 0
1 29 6 0
1 29 7 0
1 29 8 0
1 29 9 0
1 29 10 0
1 29 11 0
1 29 12 0
1 29 13 -1.70108e+38
1 29 14 0
1 29 15 -1.70107e+38
1 29 16 0
1 29 17 0
1 29 18 0
1 29 19 0
